%% calibration file from SeaBird
% SBE 49 FastCAT V 1.2  SERIAL NO. 0238
% Updated 2013/10/31
%temperature:  03-Apr-13
    TA0       = 8.407867e-004;
    TA1       = 2.849935e-004;
    TA2       =-3.081404e-006;
    TA3       = 2.297923e-007;
    TOFFSET   = 0.000000e+00;
%conductivity:  03-Apr-13
    G         =-1.007300e+000;
    H         = 1.532272e-001;
    I         =-4.520629e-004;
    J         = 6.352265e-005;
    CPCOR     =-9.570000e-008;
    CTCOR     = 3.250000e-006;
    CSLOPE    = 1.0000000e+00;
%pressure psia:  29-Mar-11
    PA0       =-2.333339e+000;
    PA1       = 8.689620e-003;
    PA2       = 1.117534e-011;
    PTCA0     = 5.232252e+005;
    PTCA1     =-1.910327e+001;
    PTCA2     = 2.832504e-001;
    PTCB0     = 1.056832e+002;
    PTCB1     =-7.019692e-003;
    PTCB2     = 0.000000e+000;
    PTEMPA0   =-9.089359e+001;
    PTEMPA1   = 4.365188e+001;
    PTEMPA2   = 7.067593e-001;
    POFFSET   = 0.000000e+000;