%% calibration file from SeaBird
%SBE 49 FastCAT V 1.2  SERIAL NO. 0058
% Updated 2011/12/14
%temperature:  25-Sep-07
    TA0       = 8.747265e-004;
    TA1       = 2.832758e-004;
    TA2       =-2.176852e-006;
    TA3       = 2.028307e-007;
    TOFFSET   = 0.000000e+00;
%conductivity:  25-Sep-07
    G         =-9.707195e-001;
    H         = 1.406806e-001;
    I         =-8.974717e-005;
    J         = 3.068690e-005;
    CPCOR     =-9.570000e-008;
    CTCOR     = 3.250000e-006;
    CSLOPE    = 1.0000000e+00;
%pressure psia:  12-Sep-07
    PA0       = 2.258839e-003;
    PA1       = 4.507376e-003;
    PA2       =-1.721484e-011;
    PTCA0     = 5.213051e+005;
    PTCA1     =-1.467224e+000;
    PTCA2     = 5.466326e-002;
    PTCB0     = 2.444488e+001;
    PTCB1     =-6.250000e-004;
    PTCB2     = 0.000000e+000;
    PTEMPA0   =-5.702760e+001;
    PTEMPA1   = 5.525028e+001;
    PTEMPA2   =-5.782178e-001;
    POFFSET   = 0.000000e+000;