%% calibration file from SeaBird
% SBE 49 FastCAT V 1.2  SERIAL NO. 0131
% Updated 2013/10/31
%temperature:  30-Mar-06
    TA0       = 8.215987e-004;
    TA1       = 2.790947e-004;
    TA2       =-1.781699e-006;
    TA3       = 1.820607e-007;
    TOFFSET   = 0.000000e+00;
%conductivity:  30-Mar-06
    G         =-9.980924e-001;
    H         = 1.383245e-001;
    I         =-1.582565e-004;
    J         = 3.243096e-005;
    CPCOR     =-9.570000e-008;
    CTCOR     = 3.250000e-006;
    CSLOPE    = 1.0000000e+00;
%pressure psia:  18-Mar-06
    PA0       = 4.287507e-001;
    PA1       = 4.456882e-003;
    PA2       =-3.979491e-012;
    PTCA0     = 5.202669e+005;
    PTCA1     = 6.167203e+000;
    PTCA2     =-1.516610e-002;
    PTCB0     = 2.484987e+001;
    PTCB1     = 2.175000e-003;
    PTCB2     = 0.000000e+000;
    PTEMPA0   =-6.171764e+001;
    PTEMPA1   = 5.429471e+001;
    PTEMPA2   =-8.575451e-001;
    POFFSET   = 0.000000e+000;