%% calibration file from SeaBird
%SBE 49 FastCAT V 1.2  SERIAL NO. 0057
% Updated 2013/10/31
%temperature:  14-Mar-13
    TA0       = 7.871653e-004;
    TA1       = 2.910826e-004;
    TA2       =-3.029308e-006;
    TA3       = 2.216446e-007;
    TOFFSET   = 0.000000e+000;
%conductivity:  14-Mar-13
    G         =-1.044970e+000;
    H         = 1.436763e-001;
    I         =-6.884387e-005;
    J         = 2.877755e-005;
    CPCOR     =-9.570000e-008;
    CTCOR     = 3.250000e-006;
    CSLOPE    = 1.000000e+000;
%pressure S/N = 3772, range = 1450 psia:  12-Mar-13
    PA0       =-1.595203e-001;
    PA1       = 4.423697e-003;
    PA2       =-1.698109e-011;
    PTCA0     = 5.204628e+005;
    PTCA1     =-1.282939e+000;
    PTCA2     =-3.356168e-002;
    PTCB0     = 2.490738e+001;
    PTCB1     =-7.250000e-004;
    PTCB2     = 0.000000e+000;
    PTEMPA0   =-5.337350e+001;
    PTEMPA1   = 6.226822e+001;
    PTEMPA2   =-3.537029e+000;
    POFFSET   = 0.000000e+000;