%% calibration file from SeaBird
% SBE 49 FastCAT V 1.2  SERIAL NO. 0237
% Updated 2013/10/31
%temperature:  14-Mar-13
    TA0       = 8.428275e-004;
    TA1       = 2.789251e-004;
    TA2       =-2.147041e-006;
    TA3       = 1.965416e-007;
    TOFFSET   = 0.000000e+00;
%conductivity:  14-Mar-13
    G         =-9.724469e-001;
    H         = 1.236181e-001;
    I         =-2.815193e-004;
    J         = 3.956481e-005;
    CPCOR     =-9.570000e-008;
    CTCOR     = 3.250000e-006;
    CSLOPE    = 1.0000000e+00;
%pressure psia:  11-Mar-13
    PA0       =-1.934681e+000;
    PA1       = 8.763000e-003;
    PA2       = 7.161003e-011;
    PTCA0     = 5.231998e+005;
    PTCA1     =-1.864838e+001;
    PTCA2     = 3.663819e-001;
    PTCB0     = 1.047768e+002;
    PTCB1     =-5.723819e-003;
    PTCB2     = 0.000000e+000;
    PTEMPA0   =-9.237097e+001;
    PTEMPA1   = 4.417498e+001;
    PTEMPA2   = 7.150814e-001;
    POFFSET   = 0.000000e+000;