%% calibration file from SeaBird
% SBE 49 FastCAT V 1.2  SERIAL NO. 0133
% Updated 2013/10/31
%temperature:  13-Oct-10
    TA0       = 8.866771e-004;
    TA1       = 2.652767e-004;
    TA2       =-3.441463e-007;
    TA3       = 1.294333e-007;
    TOFFSET   = 0.000000e+00;
%conductivity:  13-Oct-10
    G         =-9.906386e-001;
    H         = 1.547707e-001;
    I         =-3.815985e-004;
    J         = 5.628867e-005;
    CPCOR     =-9.570000e-008;
    CTCOR     = 3.250000e-006;
    CSLOPE    = 1.0000000e+00;
%pressure psia:  12-Oct-10
    PA0       = 1.225111e-001;
    PA1       = 1.543701e-003;
    PA2       = 8.858142e-012;
    PTCA0     = 5.245775e+005;
    PTCA1     = 6.263224e+000;
    PTCA2     =-1.419062e-001;
    PTCB0     = 2.493350e+001;
    PTCB1     =-1.500000e-003;
    PTCB2     = 0.000000e+000;
    PTEMPA0   =-6.424352e+001;
    PTEMPA1   = 5.260922e+001;
    PTEMPA2   =-5.555641e-001;
    POFFSET   = 0.000000e+000;